306.424869889
310.965218196
312.877883305
304.731503818
310.456757824
312.090077525
317.043057316
311.621771695
310.66124253
310.995198666
311.399200792
316.666201828
313.211971278
313.305007759
304.322172736
318.72833545
316.203131389
314.425103349
311.085593183
310.53797198
316.32546284
310.970390289
317.060839637
310.267490263
310.374092563
310.207077945
313.282027724
316.395219627
307.159974455
312.724069092
314.805023073
319.49995139
315.081120412
320.810908834
317.217382401
310.638006105
310.736480492
312.720839699
318.519475698
315.366496763
316.204843247
305.921213942
320.622380546
312.79896148
315.32556862
310.877826601
311.623896018
311.353718074
309.9030405
311.417287947
307.261272877
306.416220374
307.004460746
312.24538696
314.934066777
307.300196532
316.066122533
309.952791701
314.795421235
315.255978364
308.537759115
314.920123669
308.789053579
310.294009887
316.488225886
320.769737129
312.497702963
314.522742339
310.46586237
314.248597021
317.928314384
314.711523922
313.38287621
308.892957164
312.658559199
306.006395971
312.534927889
315.706013736
308.780199307
313.43051633
308.242273149
310.676010832
317.560265192
314.051217411
309.828497845
314.277303482
309.880170826
315.896218891
308.576578037
307.43335708
301.449294981
306.894651745
314.481208642
308.378257375
311.434613181
304.502188967
311.028936354
309.204131717
309.148200424
315.036907023
304.335122506
318.687994618
309.7662642
318.898994277
305.394127658
304.524057066
311.178175631
305.23409905
317.227221547
308.852822195
315.423775901
309.607970226
311.097265974
313.65636948
317.667925221
306.67603979
317.654592774
307.426562223
312.771205172
313.248014887
310.655002289
305.325279659
303.793820214
312.199613338
313.951441224
314.49937097
311.336711881
316.012659505
310.480309961
310.567777641
311.572390339
315.189268886
318.464532292
318.304717047
316.529111388
310.832265209
306.543671599
311.997577405
313.29638239
319.858790497
312.449896477
324.889959875
314.558280144
311.970226463
308.150752001
308.342815556
315.107661204
314.310947498
311.794738537
309.112703623
315.308191253
304.192273957
310.576594654
307.675300444
319.360673575
305.909698647
312.221792946
306.715037521
313.825711028
307.572460473
305.906395915
310.651207336
315.156035219
299.570896592
315.452641869
314.348035278
313.347948105
306.731827056
313.715203516
312.851856477
307.221354916
309.500343202
312.506415203
307.229252353
307.588652714
309.383219147
311.090634593
319.170550732
315.588656895
316.035361178
309.860790532
305.51662834
313.359442449
314.472467793
305.166722496
318.682740809
313.476435562
315.249593009
306.772688613
312.195928038
308.218785806
308.478650238
311.084027059
312.468049601
311.655760569
310.095914527
303.367083023
319.934513695
311.957777958
311.516313729
321.767564934
311.903270585
313.461920629
311.336417534
319.15175229
311.884398022
312.541070383
305.93178992
304.965598013
310.59279746
314.325633079
314.511607363
317.942053113
307.717342908
309.325685562
315.237578925
315.165330409
313.014811919
310.585596197
314.692301844
308.967019126
304.83109708
314.577426582
323.076026015
316.455544247
311.930436771
308.503663373
312.432671378
309.686317165
310.623626546
315.848398765
310.675665946
311.255112874
318.814704198
310.665605982
310.934245222
311.861492206
307.65404157
312.553173244
313.012459048
312.959126639
316.414373365
307.877829732
313.879423759
316.085839487
313.310245595
310.452604392
319.644765136
313.823436718
307.683464132
315.364149188
307.233098215
312.571710236
309.321305711
314.897591196
308.177644864
310.166276986
311.998686585
317.295043668
315.494804854
308.718205404
311.080154295
307.844487911
315.696792951
308.973946729
305.775998564
312.67484868
314.324909128
313.236894752
312.572586214
313.835727568
316.066553418
305.825550248
318.707649352
317.038621114
305.770159947
311.011746908
314.284711552
307.757965171
311.034113909
311.89430501
307.855283465
310.287623202
312.711270843
317.41536201
308.269815662
313.938728183
307.64968663
315.745281369
308.599414663
307.237974522
312.151542018
301.001866415
313.061011813
313.616456585
315.140645071
305.420488013
316.351192637
311.394866899
310.062916406
315.486449695
302.509729819
307.684720159
312.902505092
308.591791573
315.160717599
307.669887444
309.590768185
312.522898701
312.142232833
311.31652383
310.267763592
315.708823505
313.044821228
317.963376528
316.804667598
314.745424355
310.429908535
311.234219805
314.326414541
315.287155259
316.263921528
314.487317913
315.204218965
309.618276472
312.664210018
309.662630865
313.31648973
315.534403321
316.499172774
314.689072007
304.808905771
305.280374915
307.987778838
313.143728134
312.258757061
310.987223045
315.133677623
320.310697754
304.712328606
309.403131208
308.475175143
312.461883117
311.853787167
310.628399113
316.127976179
323.512682995
320.19738281
300.97574277
317.035230454
308.071033328
311.017652188
307.266343662
316.672273459
312.570423268
308.629971665
315.883853378
311.469100419
312.69815683
308.097602683
322.722369996
308.871392868
310.035906151
321.825409333
309.393757688
318.547089861
315.832451396
315.544686601
314.080629576
305.971604309
310.965638954
318.772715895
308.626409666
313.911749139
313.396729095
322.878977139
314.559783021
309.504549795
306.96895013
308.286190767
309.336894377
315.821457407
308.50801415
308.270451022
315.953086423
316.064432992
311.238527529
311.851849351
316.872431428
311.878280111
305.775932304
311.88977799
315.701978369
317.227862067
314.366737552
311.266586455
313.068434975
310.587598283
306.735589969
306.412372983
316.683918477
302.235953356
306.985730369
305.021280747
313.417956222
311.236064504
318.470235406
315.407990081
316.705242667
312.220525204
307.140658366
312.242923607
313.370470268
314.925543003
317.123574604
315.132347213
318.032072703
303.506656636
307.36288848
311.579935377
318.580369768
315.52629546
314.102201792
304.566546308
311.322425422
314.737879101
317.887861943
313.736898218
317.733015664
313.371389343
319.050269995
306.355434004
308.178251731
317.057247479
311.168934445
316.201747093
313.6920244
313.612926253
310.580517624
314.984930222
308.942938313
314.408530323
309.141531298
309.611197606
309.506730615
315.933585882
308.750904372
315.575461515
314.051057891
309.683310102
313.286397131
313.318841856
308.960994765
306.90076448
314.348706588
311.680266064
307.494718045
310.714250007
309.494938044
308.148013362
306.346972473
307.324365799
314.340723549
315.879005547
311.826870102
307.425320312
311.888320001
312.657117859
311.684662822
310.921707929
311.976948543
315.57648813
312.047705579
311.315957018
309.175243095
310.675798353
309.610843515
316.044187667
321.05077139
317.001325121
318.820175693
321.0061691
315.547759859
301.088076422
316.288057219
309.248833377
311.079392978
313.446766277
318.75226995
317.607849088
313.874664864
309.686471243
314.93117985
308.146495299
304.17019116
316.495445358
307.12314582
315.465807558
308.178085177
313.579669275
312.165337353
310.159563922
306.596988683
311.206476086
309.925676673
313.384279234
307.092294162
314.774008386
319.743794559
320.683381878
312.449523374
309.008093482
313.924455155
313.35050198
310.666208429
316.428827003
309.182923215
307.010352345
308.610423299
309.596467332
320.1415682
313.535428015
317.118111017
311.033408432
315.671110551
314.390187905
307.557373709
302.617166872
313.809649414
314.045739057
309.23866288
311.571295909
308.597511748
317.355521562
311.935698972
309.144939237
309.893077003
315.738720207
314.329451046
308.305635572
312.597509088
303.153373669
320.046145022
313.133189092
312.651002582
311.846324197
306.242708384
309.603270908
307.686815983
308.961005347
311.590514502
314.03139616
311.771776913
316.395028421
308.460703676
316.3898192
307.777574371
321.627954888
313.965822068
302.131334198
306.551612383
308.659235834
312.119475423
314.377108934
311.904682354
307.349002398
309.650986988
319.055238018
315.287401479
303.759302642
316.684771742
307.067670539
302.586709064
319.980622768
305.894198188
301.796281831
306.0594339
306.069103731
307.642334754
310.692955042
321.118546278
305.605711337
313.082494232
308.023228591
314.141307236
307.973366381
306.483051413
314.812443485
320.147419115
311.148542136
315.366101916
325.281290633
322.601661474
310.584185519
307.284333239
314.925438326
311.206261268
313.443644533
313.019092501
311.984323935
309.317287602
315.969300221
312.299062602
317.572361453
302.024641702
312.047303231
313.025450705
314.163064592
307.23355512
303.57010274
309.49123991
314.447795276
306.834542228
310.048580558
314.56926395
304.680220108
309.179000488
310.582645948
305.077426063
311.420787114
315.923958036
311.383246757
316.634899149
310.230275111
312.91334728
317.748943596
314.321411086
311.352658701
316.956421939
304.06485728
312.076385304
318.296328638
301.14137939
318.610379129
314.61144578
314.288507422
303.772998662
309.972020753
306.564416983
311.617375362
301.713723286
312.501434069
310.787818772
309.409100926
310.798679399
309.574208551
317.51565824
303.831398674
309.22630486
309.706535237
320.051720536
313.385383789
320.726889405
314.826956091
322.423787988
316.00794858
317.271072552
309.312748261
309.591451011
315.100125508
306.142925436
310.140535802
305.393591965
319.281289582
315.271153848
314.065744894
309.416215507
313.129156879
309.496508156
315.588122278
308.884807755
315.449862588
313.701447916
305.584701967
311.220714058
302.545661715
315.003748981
312.360600341
309.926309726
309.92153063
312.898171704
309.115585205
314.085147511
310.09682169
310.17892258
314.880077062
312.308087479
303.59563675
311.082146455
311.876346312
308.124126295
312.33195382
306.015018034
306.754477301
306.800948595
308.836458459
313.993805017
311.574157345
313.698548109
317.110247103
315.883563501
308.039935476
315.387721157
306.872790056
313.834998262
307.947360155
308.296454101
312.562652374
313.383523336
312.427029686
317.42927789
308.844401081
303.823244699
307.824072945
319.87185674
317.569307663
304.947225932
312.410366738
307.001422892
313.415860577
310.754954987
303.292086358
310.343138015
311.912789419
306.385539636
308.323487459
307.779247066
309.595209632
312.833610613
307.734792541
314.864555365
316.680995812
307.324631782
309.676616333
318.134494218
302.826700337
307.88001052
307.910195685
300.749482513
310.177158026
309.477453261
311.637085333
307.634339346
321.776917194
312.668634712
313.258005129
314.175111033
305.264257159
314.735548409
312.575104722
308.30528211
316.647153107
309.56785982
309.227362058
316.39144299
306.770703851
310.571674589
302.177806844
315.111769088
310.99359989
307.82355223
314.572956299
315.020783473
313.951446432
314.230802341
313.780909004
307.955150208
310.054394016
306.667670392
317.880495842
313.94393436
315.562427958
309.817321014
306.374874047
313.313172522
305.52436208
316.091660211
305.129917352
309.887387644
312.184747754
313.929392537
309.584814627
319.167108821
304.863959294
318.903339205
315.679409565
317.428073975
320.131375247
308.403820403
307.047970228
313.416219038
312.313781503
314.865360045
309.282385881
309.747595863
311.653162861
311.955284904
308.912991169
315.033298863
314.959240368
311.777241668
307.604139496
302.910802556
308.774582268
312.559692414
313.323832139
305.013472592
301.237980919
310.492329515
309.030407475
310.448894299
312.747630077
309.960765613
315.517590886
313.193219493
310.861234122
317.196901784
322.174449386
311.103201475
316.172217637
312.961488904
315.297593077
316.923605779
307.368109247
304.001141876
310.752736651
309.861072198
313.208575556
313.371158854
311.207188119
309.993647371
310.236648132
315.648588536
310.070695941
302.893614921
308.595448677
308.162586782
308.186658673
314.108142804
317.31872141
319.948832759
316.912076987
314.851341407
310.768513791
309.175080829
317.306694434
312.932774468
307.293415788
319.206441632
311.759493667
319.209841778
315.52778642
305.181788086
315.702081229
310.642272597
309.062404998
305.235155998
307.343485075
312.227494285
316.476302406
311.982578956
319.766175959
313.726781827
307.677381772
303.610198942
317.729237224
314.961471332
310.6066661
311.972435383
311.054761035
314.058061401
313.5988355
309.180411347
309.74491521
310.287347091
312.92463087
311.790977575
311.450600037
316.806158672
316.103422755
311.99900997
313.539687945
313.028963969
312.465150513
310.559520446
312.755980817
313.612021171
315.298366331
318.995102584
311.142010289
313.458061098
317.711687914
310.647457816
311.075642507
313.090866248
313.500521098
311.799002333
308.233593957
309.410648997
303.367439916
320.651820368
309.133075044
304.808621037
306.187332103
307.756549245
315.204455427
307.457009722
314.749235334
307.128105267
313.106363356
312.249057584
314.494755985
308.956342084
311.916232072
311.881560801
312.291210023
313.17299571
314.527950157
317.344634908
314.503375929
313.595311247
319.990030381
307.725885341
315.602318334
307.58852232
312.404619352
314.142369433
313.074531437
311.269335656
310.224034032
307.845769186
313.231436463
309.039002926
315.681912507
312.794398124
311.664973163
307.380305436
310.917292857
315.913956854
307.967886653
314.564527436
306.776292992
313.834788203
315.628273491
313.279723789
303.286573089
315.673663598
301.96603492
311.292226401
318.465672461
315.530590824
305.516917925
313.726010309
309.164741314
312.116205005
312.123755972
319.231468474
309.958242078
317.27972824
312.409656017
305.873682911
307.113218259
308.248330311
310.187334906
311.215044283
306.655040721
312.900500566
308.112005493
309.791893045
308.481983443
313.511433375
318.546681702
318.975349376
309.307696936
315.046483207
303.024271744
307.128550236
310.679501269
306.800300078
310.821730343
312.792213419
319.784751109
317.965931478
310.841620351
311.743831479
312.587038769
320.18828099
308.590385481
308.568418901
316.991592302
309.639641408
312.568547147
321.738271956
308.244435201
319.229404841
308.075610371
313.35957769
311.055732221
310.632869216
307.22071754
