253.948943362
210.184666982
217.538810253
212.985665061
170.527650374
185.656315347
203.496748612
256.640889
185.022956867
223.991323866
225.371950112
204.253420987
274.150127408
169.732607635
182.096163551
244.650533744
149.934270586
182.589354784
221.917097666
207.47498837
267.619094494
196.637670624
177.825348646
248.004141202
313.830635271
191.178470691
228.932224751
293.976006163
287.334513924
210.515877801
206.724940854
197.930065637
195.768172788
191.653195527
190.714713956
184.242235665
194.961459243
224.30569933
254.888091108
209.095354086
215.258163177
204.280389563
226.477833412
185.001101696
211.516911022
240.747245183
213.114912451
273.361202984
226.365611955
193.158323262
212.066488794
182.002307373
250.940132714
201.645676025
187.50782106
203.088868061
186.946351859
206.260919287
174.696274043
189.960503945
241.003289848
210.387154045
227.298618932
225.61297469
194.543610117
217.156819025
198.082048443
200.921268025
303.776985724
224.655385296
217.046468371
181.192632611
227.828372969
239.450965584
255.226243809
222.153008369
225.655853732
195.350610674
186.099791686
235.523813004
337.212566578
209.293234127
309.488210154
249.446006156
213.768862601
263.412361154
252.081834374
240.345088459
152.199503342
260.755616065
180.11865214
284.679833487
248.78153836
266.525197943
269.179448622
206.723451917
197.929402875
305.200048772
227.108333975
228.261237172
183.496324208
210.653089304
226.961328225
237.564787952
208.617500169
222.969416556
229.507583613
209.012290107
177.647020947
216.707528611
217.361675441
189.826067728
185.418377253
253.610387153
297.503190329
217.135462178
238.336919397
209.169602762
186.470566713
214.942477203
197.314479395
201.526582596
199.658672182
191.63384428
233.210644187
196.629603824
266.225413502
208.162011342
197.455724656
219.607945311
182.994306213
244.0770045
272.108359692
230.848060944
224.90447301
159.979977749
231.276564633
208.877461743
246.197634542
206.840174697
257.090861498
247.580605764
179.275077197
338.843798009
274.332308956
184.692191838
184.577380813
248.829955393
231.316294996
207.479070766
309.573334422
196.970504697
209.711478696
179.595131174
246.547884979
226.318935283
235.915925127
232.871019624
201.37771255
209.698864633
237.038457766
303.777801808
198.308598727
226.486889215
263.800178057
216.423495664
199.639721368
213.498971786
177.703516232
188.068558785
195.984746411
371.241405738
187.534307543
237.161991282
222.365626534
218.199953241
189.327170655
246.433061055
319.460109893
305.212493753
205.95758903
218.77382808
192.819419036
199.351236916
174.266996611
169.296647123
211.656049738
227.957393527
382.705660155
203.976823317
190.100156692
236.383481398
184.820721747
316.124877341
213.556006158
240.117364578
204.371011025
213.311573559
225.065863219
180.960701173
262.953885834
198.719014226
215.027439477
230.828111364
253.763970795
243.130783349
241.285755206
161.736086539
294.970736978
308.714105206
253.282773107
200.421013135
214.452412657
334.136977023
238.321835588
200.393650956
228.01952575
190.430387513
323.764143587
236.474423046
234.510889206
197.098410753
274.722009848
198.032604998
250.290620346
227.564728957
178.714811987
263.806196573
173.209396525
247.011095376
290.048476921
266.251257689
209.618367006
188.332315603
239.41278892
213.55476851
264.817736989
241.2430394
191.475293788
307.833031447
322.066108348
201.224251973
243.662364726
202.565824959
225.907978875
289.63031419
179.261399459
236.941852197
303.280033676
180.697323804
237.165370382
192.56256513
212.936115306
193.592931916
204.665284388
176.015485933
179.646286003
195.758330062
211.276321509
218.296851233
248.520019403
248.516868579
242.542405839
291.716313989
265.4580798
179.50785901
246.958382642
185.531751949
217.317789745
179.854906858
176.172922607
209.03215635
203.787734456
197.666712071
194.185857686
251.208027114
261.83991861
216.162080302
205.252759129
281.391156615
216.835100529
253.532811055
275.275805684
241.903943801
192.593694936
192.835385965
292.64907649
182.794574149
203.814096495
297.272201016
199.632331233
253.335929951
180.699145483
289.920994882
179.539992049
232.288775601
231.403622267
204.746678927
260.462699151
334.153513581
232.028490639
298.098534598
215.102977172
243.002901361
246.842060458
214.935302625
204.93453166
193.710741368
280.735682092
193.35956652
225.582107085
347.282007336
202.167441881
292.302295014
203.896726931
196.720623217
253.899362365
242.943761875
220.220450336
227.676235515
233.041109122
221.388202228
195.252707093
238.051304669
203.63518811
269.81962016
186.851310845
271.087435952
228.72685392
207.37728889
209.938345965
235.176862176
198.879494041
200.7831942
278.322707125
219.486399552
234.808074437
226.331872068
190.674063847
219.806119256
307.13711354
223.179578818
221.426901215
167.769176458
229.517617331
187.560375042
169.742379898
222.074552501
246.511901629
199.521376583
211.701345945
234.802359184
258.594155261
227.510777244
201.29982745
221.470671934
250.494365437
174.103927376
260.470205904
174.771936051
250.312464098
189.324590785
227.869053296
267.651641602
264.513073522
205.461041154
251.403360471
263.094427911
218.778072555
211.855697157
212.982749843
191.472619685
296.404390816
262.159659929
252.690944754
306.66660176
185.690262006
213.886912286
296.848099562
239.053285919
224.71974164
199.164983739
181.47962462
224.289949732
232.974665491
180.57635853
249.547681678
170.592312944
253.576474025
193.169081567
201.086598814
248.530537637
257.730815567
290.127347365
182.631795884
212.31797591
222.333277395
247.919813233
188.855869473
260.074916321
290.147654406
203.746796304
260.005434426
217.086323759
198.370350133
162.521460454
225.111595916
218.040038076
198.511220362
195.571821935
219.229782938
203.873425401
204.963795698
237.83784974
231.974598238
218.679907593
234.631604565
225.51647262
208.339223247
251.88057967
278.012773205
259.408304538
208.075187554
207.056488758
166.009669537
265.417072224
179.254712196
201.015371271
192.157489236
223.037076602
204.741997115
206.547061222
243.194679719
295.850970551
300.791522605
227.358573951
169.957008564
259.866545937
218.636493185
219.59115946
220.882309027
173.66495749
235.140261348
229.848051085
296.55070014
181.658736125
216.073774207
193.089393465
221.47998119
214.377101602
187.187614832
183.337710152
236.704281909
315.126859752
289.987022095
324.327783696
230.630227748
228.041257214
197.123946473
199.147395192
301.215416103
226.508242146
275.154916336
270.387057607
217.487922297
239.317963417
278.269890705
203.144139841
250.506251927
255.40193706
195.088758616
216.839899239
166.166605935
168.068860171
193.008116579
203.44741382
219.952975064
185.5895996
283.483694879
170.407481236
171.021767841
213.15012581
208.900290552
206.330924613
293.217341478
217.432268933
203.889257861
187.607916429
190.410398929
199.629660826
301.46907667
258.046191557
238.584473395
177.658321752
185.372600286
255.433098398
199.188207458
213.331837303
220.801772354
218.402917452
267.775242648
242.540285005
207.127728518
177.340674945
178.91516503
212.143964817
195.52172433
239.663931075
209.162621875
196.734237365
217.804910682
156.092172462
232.658958597
201.967599703
210.531826184
185.985244997
179.058739995
230.356993788
205.628097924
236.713383322
223.949370333
185.618016263
178.5832301
225.828608995
218.643531234
373.435200956
177.583238176
216.351374775
218.443429664
249.907023271
232.486279868
171.202021073
235.805300994
242.77884722
223.511635711
253.170708604
201.968448334
248.634708702
214.316394163
205.558514827
274.474721344
251.379896859
247.261968918
218.941820369
193.659478094
200.400489712
182.848469928
187.000812018
240.085412562
181.49686878
303.802298941
250.006471875
231.978980879
217.920934761
230.828359753
242.251214023
197.956761529
207.690640885
187.253769219
241.068057565
196.306959046
278.757691364
186.861494094
249.109180441
215.564079121
270.794272537
196.236440132
222.764818916
287.958427843
206.09029814
211.596588619
204.630919476
296.82987897
209.349138179
237.836625816
193.446940865
254.417203862
157.891796253
210.128967892
253.34870599
194.65225616
257.03355305
244.040856997
281.992807646
205.356293193
206.984274722
193.273285757
229.645838736
209.106511489
258.238057203
214.474575109
231.333180512
226.596322249
264.171520066
183.490940461
186.876663954
206.475677901
240.131359597
202.578429463
276.435409221
302.827910076
189.962717821
209.269873914
217.16188153
183.264423365
202.093220992
184.361118041
209.288590253
190.517523193
180.338001442
175.774370853
268.692241013
210.395235182
260.752664771
200.589304889
211.152869396
218.032843684
222.445574414
207.149124122
215.799984891
271.470008579
196.568303521
212.117883291
301.254350983
254.731738778
207.920144167
238.929954708
200.875687615
281.438607748
181.416173273
201.349575671
194.478289735
270.332752594
277.446994532
215.127833634
186.759082557
199.344898239
259.890434819
287.724939295
176.147840224
256.291742019
213.538131351
188.624817964
210.344035238
288.220940376
299.221206658
331.851146186
181.079227817
237.273782387
315.699002329
203.825359028
297.408763284
196.843813685
247.70862587
220.380207839
217.173973834
272.708236757
199.466574957
232.27967702
179.542618414
185.106839519
241.657576226
198.712724935
254.571081144
271.960425304
204.283969687
204.735584314
254.666168472
238.237456203
266.938806158
183.312229191
218.923899519
199.041382586
232.545521404
204.555286459
223.599641517
220.852788462
216.656789752
268.086083557
199.448195427
201.997354242
206.574789436
196.017790902
198.706982143
185.732289832
240.251794861
274.752646174
242.692331556
203.648924505
236.194290352
187.919143575
256.244031192
261.719975537
216.969596165
199.510752182
234.268204597
198.46138995
214.378790031
180.38441133
232.332245857
215.845031882
269.539221518
207.38053821
179.026274711
209.894827858
263.005672957
187.921376217
205.89356169
207.200274648
160.712769626
267.804415915
212.442075703
233.410104484
204.104736269
205.424395205
211.945420962
198.962238697
182.266182066
303.535871419
208.870327156
176.112732407
270.922529773
230.397640351
291.202443937
219.097289755
235.59559513
236.909763692
202.116625035
206.900213359
226.31097782
231.066192135
225.385990158
211.191764017
222.799712416
210.412443473
219.426971195
228.366931838
181.6880793
214.638813531
215.637151602
206.760715824
241.38120027
216.83435712
290.650459964
204.518410637
224.7793805
221.509803282
201.337447851
233.934959782
284.043827876
205.365868795
241.031607235
213.824211351
178.656477795
221.564918254
196.748104168
228.281849882
340.632623927
212.436595548
282.855461758
230.660512552
195.984859337
199.892148172
227.156127139
210.963510633
296.482334929
215.297356617
239.833845789
184.93038316
213.565231213
376.516232589
223.379793278
239.528022733
220.625844248
202.9097902
244.94414379
230.613654584
316.571883926
197.273822906
192.874326656
251.182548344
233.116800011
225.88330026
213.716337929
214.483355313
176.930793292
217.108943693
240.604983705
313.970466036
203.91953652
192.089351469
248.053460227
195.628076475
203.579766766
250.711467373
271.506213673
205.746825742
188.520092448
316.690295838
249.779417529
172.130438113
185.727692418
276.146646043
204.206074538
211.958528212
228.62164127
221.546310329
242.362078781
225.752712273
259.90404132
371.917257129
267.265091842
358.555477252
289.834801204
285.0867721
269.245758707
219.018248002
216.473412258
194.270495786
181.682956021
320.655601586
251.871543069
250.192774662
171.218162599
316.613676715
309.815389639
209.048603883
207.522940551
180.873460882
184.387911458
207.909857647
202.00821239
186.498308022
198.816401821
228.718857101
239.288097638
194.154922231
259.877543463
182.196319196
257.287763796
229.452143723
185.632893414
222.056405765
240.867295394
182.042242899
174.119694177
227.499586702
222.687216795
174.769839619
210.969071739
231.057410496
207.131035129
196.57296339
200.55837001
213.24020411
335.644063497
269.267980909
218.042221707
175.122044457
180.941502222
194.094722785
171.271976454
195.344844648
195.685744638
182.47002117
187.726854773
231.672446001
224.911140177
287.464120257
182.387024818
236.56667937
220.478413527
194.80364099
200.005744604
292.590559106
318.910812676
254.756206074
223.493581781
207.326411914
254.122707634
206.099346448
195.879412627
201.294697182
328.406744912
284.227070306
247.909205632
228.479868944
175.509976941
223.576068871
192.685253779
191.715119034
251.715328335
288.793462988
222.074570588
221.980516389
232.226695855
186.860585107
282.960879844
197.924763929
249.564318226
229.489667956
217.405643746
198.546200823
203.665456828
183.906088175
237.857920741
298.914842256
159.913795553
212.147560905
219.505990141
245.964651554
187.69610855
254.5061044
255.140267896
224.004139019
196.405583949
218.545848468
258.60240315
209.35929163
231.698482859
187.623010019
206.860231517
220.233538434
264.472854232
224.014314967
205.957776801
230.378167503
203.343233174
205.615279543
210.25300615
328.807301241
200.618384316
191.100440731
267.660344366
228.708513336
176.421205917
257.183264937
202.98000831
184.54337758
189.300223511
189.862095102
214.83992878
220.450754668
263.187480092
206.672999969
195.345765046
178.006929108
232.354851509
184.609150767
175.443883666
209.633891867
200.733219516
173.122736084
212.543604899
226.983580609
200.192865327
197.905474804
292.063050008
289.087379573
190.670684402
171.8009826
208.013094056
176.142427855
236.88424776
226.904961243
261.445629594
264.261113255
219.330634309
240.513974025
221.152436186
239.370596309
201.062935204
241.997991978
195.584084643
240.565828027
192.183137869
228.659985038
247.806146533
187.008875956
223.652926183
307.842766805
212.315305676
371.613289234
261.850864474
211.760211685
171.555381233
230.981439666
219.126446319
277.054601632
252.341237658
245.663366036
189.6228444
223.482073746
201.61887326
203.722855898
193.895785795
213.274303326
250.053444324
284.66589163
202.52048798
